,Cities,Country,Cloudiness,Latitude,Longitude,Dates,Humidity,Max Temperature,Wind Speed
0,bluff,NZ,89,-46.6,168.33,1595280514,83,39.00200000000001,1.34
1,mataura,NZ,60,-46.19,168.86,1595280514,83,39.00200000000001,1.34
2,ushuaia,AR,4,-54.8,-68.3,1595280249,86,31.999999999999943,1.5
3,bengkulu,ID,63,-3.8,102.27,1595280515,86,76.51399999999995,2.04
4,kirakira,SB,8,-10.45,161.92,1595280515,78,76.63999999999993,3.83
5,olafsvik,IS,17,64.89,-23.71,1595280014,71,50.144000000000005,1.8
6,rikitea,PF,91,-23.12,-134.97,1595280516,58,68.08999999999997,5.28
7,jieshi,CN,100,22.81,115.83,1595280516,84,82.0399999999999,0.5
8,hilo,US,75,19.73,-155.09,1595280516,58,82.39999999999992,4.1
9,tuktoyaktuk,CA,90,69.45,-133.04,1595280517,81,42.799999999999955,5.7
10,khasan,RU,64,42.43,130.64,1595280517,88,65.58800000000002,3.6
11,oksfjord,NO,75,70.24,22.35,1595280518,93,57.19999999999999,4.1
12,bethel,US,1,41.37,-73.41,1595280518,45,91.99399999999997,3.6
13,mar del plata,AR,90,-38.0,-57.56,1595280518,100,51.00799999999998,9.3
14,port hardy,CA,40,50.7,-127.42,1595280308,87,60.80000000000001,4.1
15,ilulissat,GL,76,69.22,-51.1,1595280015,46,53.599999999999966,1.5
16,marzuq,YE,98,14.4,46.47,1595280293,44,83.13799999999998,1.61
17,talnakh,RU,90,69.49,88.4,1595280519,100,49.99999999999994,4.0
18,port alfred,ZA,0,-33.59,26.89,1595280241,61,59.62999999999994,3.18
19,parrita,CR,75,9.52,-84.32,1595280520,57,80.59999999999997,4.1
20,gizo,SB,29,-8.1,156.84,1595280520,83,80.67199999999997,7.81
21,codrington,AU,99,-38.27,141.97,1595280520,79,50.053999999999974,2.61
22,altamira,BR,40,-3.2,-52.21,1595280457,52,89.59999999999997,1.0
23,richards bay,ZA,0,-28.78,32.04,1595280023,78,61.26799999999997,4.4
24,punta arenas,CL,90,-53.15,-70.92,1595280521,95,31.999999999999943,2.6
25,tiksi,RU,100,71.69,128.87,1595280521,95,44.88799999999998,5.54
26,the valley,AI,20,18.22,-63.06,1595280382,69,87.80000000000001,5.7
27,puerto ayora,EC,40,-0.74,-90.35,1595280522,61,80.59999999999997,4.6
28,albany,US,80,42.6,-73.97,1595280523,39,91.99399999999997,4.5
29,butaritari,KI,11,3.07,172.79,1595280523,68,82.76000000000005,2.49
30,vaini,TO,20,-21.2,-175.2,1595280523,73,73.39999999999992,2.1
31,kodiak,US,1,57.79,-152.41,1595280523,46,73.39999999999992,6.7
32,hobart,AU,75,-42.88,147.33,1595280495,87,48.99199999999996,2.6
33,atuona,PF,43,-9.8,-139.03,1595280523,77,80.07800000000003,7.35
34,saskylakh,RU,53,71.92,114.08,1595280524,59,53.54599999999999,2.04
35,vryburg,ZA,0,-26.96,24.73,1595280524,60,43.141999999999996,0.35
36,san cristobal,VE,40,7.77,-72.22,1595280524,43,89.59999999999997,6.7
37,kapaa,US,90,22.08,-159.32,1595280250,74,82.39999999999992,5.7
38,kamaishi,JP,100,39.27,141.88,1595280524,86,69.63799999999998,2.3
39,betare oya,CM,100,5.6,14.08,1595280524,97,67.02800000000008,0.8
40,ribeira grande,PT,75,38.52,-28.7,1595280524,68,71.59999999999997,2.6
41,artyom,AZ,0,40.47,50.33,1595280524,83,80.59999999999997,3.1
42,kyren,RU,33,51.68,102.14,1595280058,75,53.311999999999955,0.89
43,noshiro,JP,94,40.2,140.02,1595280525,80,71.09599999999995,3.11
44,hamilton,US,40,39.18,-84.53,1595280240,41,93.00200000000001,2.84
45,lagoa,PT,3,39.05,-27.98,1595280525,69,69.53000000000003,2.35
46,valparaiso,CL,90,-33.04,-71.63,1595280525,93,57.19999999999999,2.6
47,lebu,CL,92,-37.62,-73.65,1595280525,84,52.843999999999994,4.42
48,kahului,US,40,20.89,-156.47,1595280008,46,89.59999999999997,10.3
49,piacabucu,BR,42,-10.41,-36.43,1595280526,81,74.58800000000002,4.46
50,port hedland,AU,0,-20.32,118.57,1595280038,48,64.39999999999992,4.6
51,alta floresta,BR,40,-9.88,-56.09,1595280526,26,93.19999999999999,2.1
52,carnarvon,AU,0,-24.87,113.63,1595280526,76,53.599999999999966,3.1
53,tasiilaq,GL,0,65.61,-37.64,1595280265,87,42.799999999999955,4.6
54,bocas del toro,PA,100,9.33,-82.25,1595280526,65,71.00600000000003,2.24
55,lompoc,US,1,34.64,-120.46,1595280526,64,69.80000000000001,5.1
56,viedma,AR,100,-40.81,-63.0,1595280526,91,48.00200000000001,1.79
57,port elizabeth,ZA,32,-33.92,25.57,1595280527,93,57.19999999999999,1.5
58,saint anthony,US,75,45.02,-93.22,1595280527,39,82.99399999999997,3.1
59,geraldton,AU,0,-28.77,114.6,1595280527,81,48.19999999999999,6.7
60,hirara,JP,5,24.8,125.28,1595280297,80,84.61399999999998,4.53
61,palana,RU,36,59.12,159.97,1595280528,72,54.24799999999999,3.14
62,cherskiy,RU,87,68.75,161.3,1595280528,40,70.16000000000003,2.69
63,port blair,IN,100,11.67,92.75,1595280528,78,80.97800000000001,1.41
64,saint-philippe,RE,75,-21.36,55.77,1595280248,63,66.19999999999999,4.1
65,constitucion,CL,92,-35.33,-72.42,1595280528,79,55.38199999999989,3.85
66,kaitangata,NZ,100,-46.28,169.85,1595280528,66,48.99199999999996,0.89
67,road town,VG,40,18.42,-64.62,1595280164,70,87.80000000000001,4.6
68,lata,PT,0,40.16,-8.33,1595280528,82,76.99999999999994,0.89
69,kuri,KR,20,37.6,127.14,1595280528,88,71.59999999999997,0.41
70,mildura,AU,91,-34.2,142.15,1595280011,100,39.19999999999999,2.6
71,bilasipara,IN,100,26.23,90.23,1595280528,95,77.28799999999995,2.95
72,ahipara,NZ,79,-35.17,173.17,1595280528,90,58.44199999999995,4.15
73,busselton,AU,99,-33.65,115.33,1595280529,65,51.00799999999998,6.17
74,bonavista,CA,97,48.65,-53.11,1595280278,76,65.82199999999995,7.84
75,jacareacanga,BR,37,-6.22,-57.75,1595280529,42,88.95200000000006,1.01
76,jamestown,US,1,42.1,-79.24,1595280391,47,80.00600000000003,6.2
77,isangel,VU,20,-19.55,169.27,1595280529,82,62.599999999999966,1.5
78,cape town,ZA,0,-33.93,18.42,1595280197,93,51.99799999999999,1.0
79,bafra,TR,75,41.57,35.91,1595280529,69,76.99999999999994,9.3
80,nikolskoye,RU,99,59.7,30.79,1595280529,77,64.39999999999992,2.0
81,kalabo,ZM,1,-14.97,22.68,1595280529,56,55.14799999999997,2.11
82,umm lajj,SA,62,25.02,37.27,1595280529,51,88.214,0.93
83,dikson,RU,100,73.51,80.55,1595280529,95,40.17199999999997,5.89
84,calabozo,VE,96,8.92,-67.43,1595280530,86,82.094,1.74
85,provideniya,RU,75,64.38,-173.3,1595280530,76,49.99999999999994,4.0
86,henties bay,NA,0,-22.12,14.28,1595280530,36,67.01000000000005,2.97
87,thompson,CA,75,55.74,-97.86,1595280530,29,78.80000000000001,1.5
88,kruisfontein,ZA,95,-34.0,24.73,1595280530,94,59.738,1.62
89,qaanaaq,GL,98,77.48,-69.36,1595280262,73,47.62399999999997,0.17
90,campana,AR,100,-34.17,-58.96,1595280369,87,60.80000000000001,3.1
91,high level,CA,75,58.52,-117.14,1595280353,56,73.39999999999992,1.5
92,faanui,PF,40,-16.48,-151.75,1595280530,83,77.25200000000001,11.26
93,north bend,US,1,43.41,-124.22,1595280383,77,78.00799999999998,8.7
94,brae,GB,100,60.4,-1.35,1595280530,81,51.799999999999955,2.1
95,zuwarah,LY,0,32.93,12.08,1595280531,77,76.63999999999993,5.08
96,buraydah,SA,0,26.33,43.98,1595280531,18,96.80000000000001,2.6
97,hefei,CN,100,31.86,117.28,1595280531,100,73.39999999999992,2.0
98,yar-sale,RU,92,66.83,70.83,1595280531,60,58.783999999999935,3.98
99,san ciro de acosta,MX,53,21.63,-99.82,1595280531,48,85.92800000000005,3.13
100,tuatapere,NZ,76,-46.13,167.68,1595280531,83,39.00200000000001,1.34
101,bosaso,SO,1,11.28,49.18,1595280531,40,91.99399999999997,10.75
102,broome,US,75,42.25,-75.83,1595280007,42,85.99999999999994,4.6
103,avarua,CK,80,-21.21,-159.78,1595280531,78,76.99999999999994,8.2
104,panjakent,TJ,30,39.5,67.61,1595280531,36,76.99999999999994,3.1
105,sao filipe,CV,46,14.9,-24.5,1595280010,80,77.3239999999999,4.49
106,rio gallegos,AR,20,-51.62,-69.22,1595280531,92,26.599999999999966,1.5
107,hithadhoo,MV,95,-0.6,73.08,1595280532,78,84.0739999999999,7.1
108,upernavik,GL,1,72.79,-56.15,1595280532,50,49.964,4.16
109,cidreira,BR,62,-30.18,-50.21,1595280391,76,68.61199999999991,2.56
110,koutsouras,GR,0,35.03,25.95,1595280532,42,82.00399999999996,4.47
111,east london,ZA,0,-33.02,27.91,1595280532,39,65.03000000000003,2.51
112,mako,HU,3,46.22,20.48,1595280439,88,66.19999999999999,1.0
113,scarborough,GB,52,54.28,-0.4,1595280532,79,55.99399999999997,3.79
114,chuy,UY,100,-33.7,-53.46,1595280532,85,68.19800000000004,3.09
115,puerto baquerizo moreno,EC,90,-0.9,-89.6,1595280532,73,73.39999999999992,6.7
116,govindgarh,IN,27,27.5,76.98,1595280532,68,84.14600000000002,1.23
117,chilca,PE,40,-12.52,-76.74,1595280532,68,64.39999999999992,3.6
118,poyarkovo,RU,10,49.6,128.68,1595280532,86,60.99799999999999,2.4
119,aguimes,ES,40,27.91,-15.45,1595280532,69,73.99399999999997,12.9
120,beringovskiy,RU,11,63.05,179.32,1595280532,79,46.59800000000001,5.4
121,kholodnyy,RU,31,62.72,147.95,1595280533,64,63.71599999999995,2.91
122,ciudad dario,NI,75,12.73,-86.12,1595280533,65,80.59999999999997,3.56
123,camacha,PT,20,33.08,-16.33,1595280533,73,69.80000000000001,9.3
124,namibe,AO,8,-15.2,12.15,1595280533,67,66.52399999999994,1.86
125,sistranda,NO,75,63.73,8.83,1595280017,71,53.599999999999966,6.7
126,avera,US,40,33.19,-82.53,1595280533,46,93.19999999999999,3.1
127,saint george,US,1,37.1,-113.58,1595280533,12,102.99200000000002,3.1
128,souillac,MU,75,-20.52,57.52,1595280533,60,69.80000000000001,5.1
129,chernyshevskiy,RU,100,63.01,112.47,1595280533,89,53.023999999999944,3.67
130,mount isa,AU,13,-20.73,139.5,1595280533,28,58.99999999999994,3.6
131,nanlong,CN,100,31.35,106.06,1595280533,94,68.37799999999999,4.18
132,nome,US,90,64.5,-165.41,1595280534,93,51.99799999999999,4.6
133,yellowknife,CA,40,62.46,-114.35,1595280534,47,76.99999999999994,3.6
134,chipping sodbury,GB,4,51.54,-2.39,1595280534,72,60.99799999999999,0.98
135,rafai,CF,86,4.95,23.92,1595280534,97,67.71199999999993,0.46
136,vanimo,PG,87,-2.67,141.3,1595280016,83,77.21599999999995,3.06
137,pevek,RU,14,69.7,170.31,1595280534,58,46.52600000000007,2.15
138,seydi,TM,0,39.48,62.91,1595280534,16,86.05399999999992,3.98
139,jijiga,ET,40,9.35,42.8,1595280059,68,64.92199999999997,5.64
140,mareeba,AU,94,-17.0,145.43,1595280020,90,66.00200000000001,0.45
141,te anau,NZ,85,-45.42,167.72,1595280535,89,42.25999999999999,2.07
142,calama,CL,100,-22.47,-68.93,1595280533,2,67.99999999999994,7.2
143,guerrero negro,MX,10,27.98,-114.06,1595280535,38,87.54800000000006,5.99
144,bundaberg,AU,100,-24.85,152.35,1595280535,62,55.99399999999997,3.6
145,nampula,MZ,40,-15.12,39.27,1595280298,82,66.00200000000001,3.1
146,sobolevo,RU,58,54.43,31.9,1595280535,91,58.15399999999994,2.47
147,klaksvik,FO,60,62.23,-6.59,1595280013,100,48.19999999999999,5.7
148,ondarroa,ES,0,43.32,-2.42,1595280535,89,69.00799999999998,0.89
149,dingle,PH,36,11.0,122.67,1595280535,86,76.51399999999995,1.91
150,hervey bay,AU,100,-25.3,152.85,1595280362,83,55.99399999999997,2.24
151,hermanus,ZA,0,-34.42,19.23,1595280536,78,55.99399999999997,6.03
152,lorengau,PG,33,-2.02,147.27,1595280052,71,81.96800000000002,2.91
153,aklavik,CA,90,68.22,-135.01,1595280536,71,49.99999999999994,4.6
154,magdagachi,RU,42,53.45,125.8,1595280536,96,52.970000000000084,2.12
155,deputatskiy,RU,0,69.3,139.9,1595280043,65,65.80399999999992,1.53
156,leningradskiy,RU,0,69.38,178.42,1595280536,65,46.54400000000004,4.46
157,el tigre,VE,60,8.89,-64.25,1595280439,57,86.52199999999999,2.32
158,nurota,UZ,0,40.56,65.69,1595280536,24,80.59999999999997,1.0
159,port moresby,PG,20,-9.44,147.18,1595280352,94,75.19999999999999,2.6
160,kununurra,AU,2,-15.77,128.73,1595280276,28,73.39999999999992,7.2
161,srednekolymsk,RU,85,67.45,153.68,1595280027,42,74.5159999999999,7.35
162,przhevalskoye,RU,70,55.51,31.85,1595280536,93,57.452000000000055,1.49
163,sabya,SA,75,17.15,42.63,1595280537,52,91.39999999999992,2.6
164,arman,RU,0,59.7,150.17,1595280537,63,61.39400000000006,0.69
165,languyan,PH,99,5.26,120.08,1595280537,81,79.12399999999997,1.37
166,chokurdakh,RU,74,70.63,147.92,1595280537,42,74.58800000000002,5.05
167,kavaratti,IN,100,10.57,72.64,1595280037,81,82.31,9.65
168,havre-saint-pierre,CA,1,50.23,-63.6,1595280537,69,75.19999999999999,4.6
169,breyten,ZA,0,-26.3,29.99,1595280537,56,39.79400000000004,1.27
170,tanout,NE,86,14.97,8.89,1595280537,40,88.80799999999994,5.85
171,pontianak,ID,85,-0.03,109.33,1595280405,95,74.28199999999998,0.82
172,pochutla,MX,75,15.74,-96.47,1595280537,66,89.99599999999992,3.07
173,evensk,RU,0,61.95,159.23,1595280305,58,62.617999999999995,4.26
174,teahupoo,PF,20,-17.83,-149.27,1595280538,69,80.59999999999997,3.6
175,namie,JP,100,37.48,141.0,1595280538,98,71.00600000000003,1.31
176,zhob,PK,22,31.34,69.45,1595280538,63,74.24599999999992,6.22
177,axim,GH,100,4.87,-2.24,1595280538,91,75.75799999999998,3.08
178,ilheus,BR,75,-14.79,-39.05,1595280305,83,76.99999999999994,6.2
179,paita,PE,7,-5.09,-81.11,1595280006,75,66.0739999999999,7.79
180,lodwar,KE,100,3.12,35.6,1595280538,37,86.5399999999999,2.4
181,bredasdorp,ZA,1,-34.53,20.04,1595280538,87,60.80000000000001,3.6
182,mogadishu,SO,52,2.04,45.34,1595280538,82,77.16199999999998,8.54
183,skovby,DK,4,56.15,9.96,1595280539,78,55.00399999999996,1.34
184,gagra,GE,90,43.33,40.22,1595280539,74,80.59999999999997,3.0
185,dolny kubin,SK,40,49.21,19.3,1595280539,100,60.80000000000001,1.0
186,samarai,PG,100,-10.62,150.67,1595280539,82,76.87399999999997,7.72
187,nara,JP,75,34.69,135.8,1595280291,88,80.00600000000003,1.5
188,ambo,PE,2,-10.13,-76.2,1595280539,34,72.06800000000004,3.67
189,kavieng,PG,93,-2.57,150.8,1595280539,76,82.11199999999991,3.82
190,esperance,AU,90,-33.87,121.9,1595280539,81,49.99999999999994,3.1
191,yatou,CN,2,37.15,122.38,1595280539,87,68.97200000000004,1.77
192,mizdah,LY,0,31.45,12.98,1595280539,72,70.82600000000008,7.8
193,awjilah,LY,0,29.11,21.29,1595280539,53,78.60200000000003,7.13
194,taltal,CL,100,-25.4,-70.48,1595280540,61,63.33800000000002,0.67
195,khatanga,RU,100,71.97,102.5,1595280540,72,50.79199999999997,2.07
196,anadyr,RU,3,64.75,177.48,1595280540,58,55.39999999999992,3.0
197,batagay,RU,82,67.63,134.63,1595280540,63,73.45400000000001,1.64
198,maceio,BR,20,-9.67,-35.74,1595280017,78,75.19999999999999,2.6
199,ponta do sol,PT,20,32.67,-17.1,1595280541,60,71.59999999999997,5.7
200,ostrovnoy,RU,35,68.05,39.51,1595280296,61,63.93199999999996,5.42
201,cordoba,AR,90,-31.41,-64.18,1595280541,81,53.599999999999966,2.6
202,ribeira brava,PT,20,32.65,-17.07,1595280542,60,71.59999999999997,5.7
203,airai,TL,38,-8.93,125.41,1595280542,87,54.33800000000002,1.08
204,alofi,NU,75,-19.06,-169.92,1595280543,88,80.59999999999997,3.6
205,tocopilla,CL,100,-22.09,-70.2,1595280543,54,64.70599999999996,3.23
206,glasgow,GB,41,55.87,-4.26,1595280496,71,53.995999999999924,5.7
207,sestri levante,IT,0,44.27,9.4,1595280544,90,71.99599999999992,1.63
208,estrela,BR,0,-28.06,-50.94,1595280544,87,58.783999999999935,0.58
209,burnie,AU,89,-41.07,145.92,1595280008,84,46.99400000000003,3.13
210,salalah,OM,75,17.02,54.09,1595280544,94,80.59999999999997,2.1
211,meulaboh,ID,95,4.14,96.13,1595280544,88,77.19800000000004,1.09
212,doha,QA,21,25.29,51.53,1595280544,50,94.99999999999994,0.5
213,bathsheba,BB,40,13.22,-59.52,1595280544,62,85.99999999999994,7.7
214,sinnamary,GF,100,5.38,-52.95,1595280545,82,80.78000000000003,3.91
215,bow island,CA,75,49.87,-111.37,1595280545,47,75.19999999999999,7.2
216,saldanha,ZA,0,-33.01,17.94,1595280043,76,51.799999999999955,1.0
217,calahorra,ES,0,42.31,-1.97,1595280545,57,82.39999999999992,2.1
218,maiduguri,NG,88,11.85,13.16,1595280495,61,79.916,5.13
219,northam,GB,0,51.03,-4.22,1595280545,74,57.99200000000002,0.89
220,freiberg,DE,0,50.92,13.37,1595280545,86,66.00200000000001,1.45
221,des moines,US,75,41.6,-93.61,1595280341,69,78.80000000000001,3.6
222,beloye,UA,5,48.5,39.05,1595280545,72,66.63199999999989,1.26
223,georgetown,MY,20,5.41,100.34,1595280404,94,78.00799999999998,1.0
224,boa vista,BR,75,2.82,-60.67,1595280309,70,84.19999999999999,2.1
225,requena,ES,3,39.49,-1.1,1595280546,59,69.99799999999999,2.68
226,kihei,US,40,20.79,-156.47,1595280546,46,89.59999999999997,10.3
227,hue,VN,20,16.47,107.6,1595280546,88,78.80000000000001,0.5
228,hofn,IS,67,64.25,-15.21,1595280546,71,52.26799999999997,1.86
229,sucua,EC,40,-2.47,-78.17,1595280546,64,71.59999999999997,1.5
230,san rafael del sur,NI,40,11.85,-86.44,1595280546,49,93.19999999999999,5.1
231,bell ville,AR,89,-32.63,-62.69,1595280546,62,64.38199999999989,2.94
232,castro,BR,0,-24.79,-50.01,1595280546,78,59.557999999999936,1.73
233,udachnyy,RU,90,66.42,112.4,1595280547,93,51.799999999999955,4.0
234,usinsk,RU,0,65.99,57.53,1595280547,76,54.96800000000002,2.24
235,manutuke,NZ,55,-38.68,177.92,1595280547,70,57.99200000000002,3.58
236,san patricio,MX,40,19.22,-104.7,1595280547,66,89.59999999999997,6.2
237,bulgan,MN,0,48.81,103.53,1595280547,87,53.45599999999996,1.2
238,karratha,AU,0,-20.74,116.85,1595280334,51,65.94800000000004,5.46
239,sibolga,ID,63,1.74,98.78,1595280059,83,75.54199999999997,1.91
240,orapa,BW,0,-21.28,25.37,1595280548,52,53.70799999999991,4.64
241,labuhan,ID,28,-6.88,112.21,1595280548,88,76.964,3.23
242,beyneu,KZ,0,45.32,55.2,1595280032,23,85.56800000000004,2.09
243,novikovo,RU,31,51.15,37.89,1595280043,77,62.383999999999844,2.21
244,salinas,US,1,36.68,-121.66,1595280423,60,71.00600000000003,6.2
245,anchorage,US,40,61.22,-149.9,1595280391,68,64.39999999999992,2.6
246,sioux lookout,CA,75,50.1,-91.92,1595280307,46,71.59999999999997,3.1
247,ust-nera,RU,0,64.57,143.2,1595280278,44,71.95999999999998,1.49
248,dembi dolo,ET,63,8.53,34.8,1595280549,98,54.896000000000015,1.11
249,krasnoarmeysk,RU,0,51.02,45.7,1595280549,36,71.99599999999992,2.66
250,umtata,ZA,0,-31.59,28.78,1595280549,45,46.39999999999998,1.5
251,guarabira,BR,40,-6.85,-35.49,1595280550,88,73.39999999999992,4.6
252,ancud,CL,81,-41.87,-73.82,1595280047,81,49.99999999999994,3.1
253,pacific grove,US,40,36.62,-121.92,1595280262,68,71.00600000000003,5.7
254,victoria,HK,100,22.29,114.16,1595280441,83,82.00399999999996,1.34
255,mahebourg,MU,75,-20.41,57.7,1595280550,60,69.80000000000001,5.1
256,torbay,CA,75,47.67,-52.73,1595280550,69,75.99200000000002,7.7
257,margate,GB,19,51.38,1.39,1595280031,83,60.00799999999998,0.45
258,kromy,RU,0,52.69,35.77,1595280550,88,58.81999999999999,2.35
259,santander,ES,20,43.46,-3.8,1595280550,83,71.00600000000003,0.5
260,aleksandrov gay,RU,100,50.15,48.57,1595280273,45,74.33600000000007,3.33
261,shache,CN,100,38.42,77.24,1595280066,31,73.43599999999998,0.7
262,arlit,NE,6,18.74,7.39,1595280269,23,95.3239999999999,2.48
263,pyapon,MM,76,16.28,95.68,1595280551,91,79.358,2.54
264,jinka,ET,65,5.65,36.65,1595280551,74,64.83199999999994,0.41
265,harper,LR,72,4.38,-7.72,1595279999,87,76.82,4.44
266,salinopolis,BR,66,-0.61,-47.36,1595280551,80,80.74399999999997,5.65
267,carora,VE,66,10.18,-70.08,1595280370,33,94.65799999999996,5.4
268,barrow,US,90,71.29,-156.79,1595280552,86,33.799999999999955,2.6
269,kieta,PG,57,-6.22,155.63,1595280552,71,78.80000000000001,1.77
270,verkhoyansk,RU,99,67.54,133.38,1595280552,69,71.87000000000006,1.34
271,puerto gaitan,CO,74,4.31,-72.08,1595280552,66,85.56800000000004,2.44
272,namatanai,PG,27,-3.67,152.43,1595280552,80,79.86199999999991,2.7
273,sri aman,MY,100,1.24,111.46,1595280552,94,73.39999999999992,0.33
274,fairbanks,US,75,64.84,-147.72,1595280469,56,71.99599999999992,4.6
275,yellapur,IN,95,14.97,74.72,1595280552,99,71.34800000000001,0.73
276,port said,EG,20,31.26,32.28,1595280552,70,84.19999999999999,4.6
277,ixtapa,MX,40,20.7,-105.2,1595280058,74,91.00399999999996,4.6
278,huarmey,PE,10,-10.07,-78.15,1595280552,71,65.38999999999993,4.48
279,makakilo city,US,40,21.35,-158.09,1595280552,43,87.80000000000001,4.1
280,urumqi,CN,100,43.8,87.6,1595280553,47,76.99999999999994,3.0
281,bambous virieux,MU,75,-20.34,57.76,1595280553,60,69.80000000000001,5.1
282,kloulklubed,PW,75,7.04,134.26,1595280553,94,75.19999999999999,2.44
283,egvekinot,RU,89,66.32,-179.17,1595280553,69,46.99400000000003,2.16
284,mabaruma,GY,97,8.2,-59.78,1595280553,78,82.65199999999999,2.25
285,ullal,IN,75,12.8,74.85,1595280553,94,76.99999999999994,3.1
286,nanortalik,GL,3,60.14,-45.24,1595280554,63,50.144000000000005,0.91
287,turayf,SA,0,31.67,38.66,1595280554,23,93.19999999999999,7.2
288,san ramon,US,1,37.78,-121.98,1595280554,42,80.59999999999997,6.2
289,urusha,RU,2,54.05,122.9,1595280554,95,48.84800000000001,1.09
290,ballina,AU,78,-28.87,153.57,1595280020,87,49.99999999999994,3.1
291,san felipe,VE,84,10.34,-68.74,1595280554,74,83.91199999999998,1.32
292,port lincoln,AU,9,-34.73,135.87,1595280555,73,49.928000000000054,1.54
293,hobyo,SO,61,5.35,48.53,1595280555,72,77.75600000000003,12.47
294,xuddur,SO,27,4.12,43.89,1595280555,56,73.79599999999999,8.98
295,slave lake,CA,1,55.28,-114.77,1595280555,68,69.80000000000001,2.6
296,longyearbyen,SJ,75,78.22,15.64,1595280555,87,44.599999999999966,1.0
297,palasa,IN,100,18.77,84.42,1595280556,87,81.62600000000003,4.82
298,whitefish,US,1,48.41,-114.34,1595280273,32,80.99599999999992,1.5
299,kollam,IN,75,8.88,76.6,1595280411,78,78.80000000000001,2.1
300,opuwo,NA,0,-18.06,13.84,1595280556,39,56.96599999999995,3.31
301,sao jose da coroa grande,BR,44,-8.9,-35.15,1595280556,74,74.96599999999995,5.05
302,port-gentil,GA,20,-0.72,8.78,1595280556,83,75.19999999999999,5.01
303,phangnga,TH,20,8.45,98.53,1595280556,100,76.99999999999994,1.17
304,leshukonskoye,RU,0,64.9,45.76,1595280557,79,58.964,1.79
305,shakawe,BW,0,-18.37,21.85,1595280557,41,54.77000000000004,1.94
306,manbij,SY,0,36.53,37.95,1595280557,34,78.80000000000001,3.1
307,emet,TR,0,39.34,29.26,1595280557,82,63.73399999999987,1.81
308,hasaki,JP,75,35.73,140.83,1595280558,100,69.99799999999999,2.1
309,andippatti,IN,40,9.98,77.63,1595280558,88,78.80000000000001,2.1
310,saint-louis,SN,59,16.33,-15.0,1595280558,45,89.78000000000003,6.48
311,sakaiminato,JP,75,35.55,133.23,1595280558,94,76.99999999999994,2.6
312,susangerd,IR,0,31.56,48.18,1595280558,14,100.39999999999992,4.1
313,waipawa,NZ,66,-41.41,175.52,1595280558,93,55.39999999999992,9.8
314,sept-iles,CA,75,50.2,-66.38,1595280522,61,76.99999999999994,8.7
315,victoria point,AU,99,-27.58,153.3,1595280061,61,58.99999999999994,1.34
316,tilichiki,RU,63,60.47,166.1,1595280048,85,53.87000000000006,1.04
317,pisz,PL,100,53.63,21.81,1595280559,93,62.599999999999966,2.6
318,darhan,MN,0,49.49,105.92,1595280559,74,55.77800000000008,0.94
319,verkhnetulomskiy,RU,77,68.61,31.8,1595280559,72,67.99999999999994,2.0
320,saint-pierre,RE,75,-21.34,55.48,1595280559,63,66.19999999999999,4.1
321,hagi,JP,71,34.4,131.42,1595280559,95,76.99999999999994,2.24
322,tual,ID,66,-5.67,132.75,1595280559,84,79.19599999999997,8.46
323,marshall,US,1,34.38,-86.33,1595280559,74,89.00600000000003,2.6
324,nong phai,TH,100,15.99,101.06,1595280560,91,77.036,0.78
325,talcahuano,CL,75,-36.72,-73.12,1595280560,76,57.19999999999999,4.6
326,nata,PA,90,8.33,-80.52,1595280560,77,82.39999999999992,2.1
327,san vicente,AR,84,-26.62,-54.13,1595280560,78,66.36199999999991,1.49
328,korla,CN,96,41.76,86.15,1595280560,54,69.56599999999997,2.04
329,hami,CN,100,42.8,93.45,1595280560,20,86.46800000000002,1.38
330,stephenville,US,40,32.22,-98.2,1595280276,34,94.99999999999994,5.1
331,horsham,GB,7,51.06,-0.33,1595280560,45,64.39999999999992,3.6
332,ciudad del maiz,MX,16,22.4,-99.6,1595280561,49,81.03199999999998,3.6
333,walvis bay,NA,0,-22.96,14.51,1595280561,19,69.80000000000001,5.1
334,orocue,CO,56,4.79,-71.34,1595280561,76,81.91400000000004,0.98
335,abalak,RU,0,58.13,68.59,1595280561,81,53.43799999999993,2.77
336,moron,AR,90,-34.65,-58.62,1595280458,93,62.599999999999966,2.6
337,vardo,NO,99,70.37,31.11,1595280561,93,53.599999999999966,5.1
338,rocha,UY,100,-34.48,-54.33,1595280266,77,69.512,3.9
339,laguna,US,1,38.42,-121.42,1595280284,39,84.99200000000002,4.1
340,kontagora,NG,41,10.4,5.47,1595280562,89,75.27199999999999,2.3
341,san luis,AR,50,-33.3,-66.34,1595280562,64,53.70799999999991,4.72
342,guadalupe,MX,75,25.68,-100.25,1595280467,33,91.39999999999992,6.2
343,kuytun,RU,98,54.34,101.5,1595280562,68,51.40399999999994,2.17
344,pangoa,PE,3,-12.12,-73.0,1595280013,49,84.73999999999995,1.97
345,los llanos de aridane,ES,20,28.66,-17.92,1595280562,78,73.39999999999992,7.7
346,ashqelon,IL,75,31.67,34.57,1595280562,74,80.99599999999992,1.0
347,lar,IN,98,26.2,83.97,1595280562,84,82.02199999999999,4.57
348,bantogon,PH,20,6.53,124.03,1595280562,81,77.108,2.02
349,cauquenes,CL,72,-35.97,-72.32,1595280563,79,54.06800000000004,3.33
350,nishihara,JP,20,26.18,127.76,1595280563,88,82.39999999999992,1.5
351,rio sereno,PA,100,8.82,-82.87,1595280563,65,71.00600000000003,2.24
352,murray bridge,AU,22,-35.12,139.27,1595280433,94,42.00799999999998,1.4
353,weligama,LK,100,5.97,80.42,1595280563,88,78.33199999999994,2.94
354,paracatu,BR,43,-17.22,-46.87,1595280564,60,67.87399999999997,1.31
355,adrar,MR,9,20.5,-10.07,1595280564,18,98.52800000000008,4.03
356,llanes,ES,50,43.42,-4.75,1595280564,97,67.99999999999994,1.34
357,holme,DK,1,56.11,10.17,1595280564,76,55.39999999999992,4.1
358,partizanskoye,RU,58,55.5,94.39,1595280564,87,54.19400000000002,1.12
359,bilibino,RU,8,68.05,166.44,1595280564,37,66.39799999999997,0.58
360,agadir,MA,20,30.42,-9.6,1595280564,83,71.59999999999997,3.1
361,ust-karsk,RU,87,52.7,118.81,1595280565,87,52.60999999999996,3.0
362,matale,LK,100,7.47,80.62,1595280565,85,72.57199999999995,1.27
363,praia da vitoria,PT,40,38.73,-27.07,1595280565,64,71.59999999999997,2.28
364,waiouru,NZ,47,-39.48,175.67,1595280565,84,48.95600000000002,2.39
365,atar,MR,8,20.52,-13.05,1595280565,23,97.62799999999999,4.0
366,lima,PE,40,-12.04,-77.03,1595280266,68,64.39999999999992,3.6
367,san policarpo,PH,100,12.18,125.51,1595280044,82,82.56199999999995,2.32
368,tomaszow lubelski,PL,78,50.45,23.42,1595280565,85,66.00200000000001,2.95
369,gorontalo,ID,10,0.54,123.06,1595279774,90,73.84999999999997,0.77
370,bud,US,84,39.45,-86.18,1595280565,65,82.99399999999997,2.08
371,opotiki,NZ,100,-38.08,177.28,1595280565,99,57.00200000000001,2.24
372,ndago,TZ,0,-4.6,34.35,1595280565,61,62.43799999999993,6.01
373,maneadero,MX,14,31.72,-116.57,1595280566,28,85.99999999999994,4.02
374,port augusta,AU,100,-32.5,137.77,1595280566,100,42.99799999999999,2.6
375,pilar,BR,20,-9.6,-35.96,1595280566,78,75.19999999999999,2.6
376,arraial do cabo,BR,0,-22.97,-42.03,1595280566,83,75.19999999999999,5.7
377,coquimbo,CL,0,-29.95,-71.34,1595280033,67,60.80000000000001,4.6
378,nuuk,GL,100,64.18,-51.72,1595280023,76,51.799999999999955,3.6
379,zaria,NG,84,11.11,7.72,1595280566,87,72.28399999999993,3.39
380,amarillo,US,40,35.22,-101.83,1595280523,36,91.39999999999992,7.7
381,sunrise manor,US,1,36.21,-115.07,1595280546,9,107.59999999999997,4.6
382,ossora,RU,23,59.24,163.07,1595280566,72,54.608000000000004,3.66
383,benghazi,LY,0,32.12,20.07,1595280567,72,77.108,9.25
384,neepawa,CA,90,50.23,-99.47,1595280567,82,66.19999999999999,7.7
385,zhanakorgan,KZ,29,43.91,67.25,1595280567,18,81.464,2.55
386,tambura,SS,47,5.6,27.47,1595280567,96,67.44199999999995,0.7
387,namtsy,RU,20,62.72,129.67,1595280567,57,75.19999999999999,4.0
388,muravlenko,RU,62,63.79,74.52,1595280567,72,54.05000000000001,4.64
389,voh,NC,67,-20.97,164.7,1595280297,64,66.47000000000008,1.02
390,komsomolskiy,UZ,19,40.43,71.72,1595280027,38,75.19999999999999,3.1
391,banda aceh,ID,88,5.56,95.32,1595280568,81,79.43,1.63
392,bukachacha,RU,89,52.98,116.92,1595280568,87,47.12000000000006,2.43
393,sao gabriel da cachoeira,BR,40,-0.13,-67.09,1595280568,66,87.80000000000001,1.0
394,sisimiut,GL,100,66.94,-53.67,1595280568,78,49.99999999999994,1.83
395,daru,PG,42,-9.08,143.21,1595280568,86,76.35200000000003,6.42
396,batagay-alyta,RU,100,67.8,130.41,1595280568,81,65.53399999999993,0.67
397,kudahuvadhoo,MV,98,2.67,72.89,1595280569,76,84.03799999999995,8.63
398,keetmanshoop,NA,0,-26.58,18.13,1595280569,18,58.99999999999994,3.1
399,omsukchan,RU,0,62.53,155.8,1595280242,60,61.10600000000005,2.02
400,blackwater,AU,100,-23.58,148.88,1595280569,57,53.43799999999993,3.3
401,charters towers,AU,100,-20.1,146.27,1595280569,85,59.198000000000036,2.51
402,shizunai,JP,100,42.33,142.37,1595280569,92,66.00200000000001,2.3
403,zhigalovo,RU,25,54.81,105.16,1595280304,85,43.286,0.65
404,itarema,BR,91,-2.92,-39.92,1595280266,73,79.7899999999999,6.2
405,naze,JP,40,28.37,129.48,1595280014,100,78.80000000000001,1.5
406,baykit,RU,0,61.67,96.37,1595280570,86,47.93000000000001,1.29
407,west odessa,US,1,31.84,-102.5,1595280570,23,94.99999999999994,6.2
408,maniitsoq,GL,100,65.42,-52.9,1595279914,90,48.19999999999999,3.38
409,luderitz,NA,0,-26.65,15.16,1595280570,34,67.99999999999994,1.0
410,alyangula,AU,73,-13.85,136.42,1595280017,77,69.80000000000001,1.0
411,mandi bahauddin,PK,100,32.58,73.48,1595280570,77,78.368,4.63
412,ambositra,MG,97,-20.52,47.25,1595280570,91,47.69599999999997,1.98
413,new norfolk,AU,88,-42.78,147.06,1595280570,89,48.99199999999996,0.45
414,kaa-khem,RU,92,51.68,94.73,1595280570,51,59.720000000000084,1.5
415,woodland,US,20,38.68,-121.77,1595280571,42,96.00799999999998,2.6
416,quatre cocos,MU,75,-20.21,57.76,1595280571,60,69.80000000000001,5.1
417,pocone,BR,0,-16.26,-56.62,1595280571,28,87.60200000000003,0.96
418,severo-kurilsk,RU,4,50.68,156.12,1595280571,80,51.9260000000001,0.92
419,centralia,US,1,46.72,-122.95,1595280406,40,87.99799999999999,2.6
420,colwyn bay,GB,14,53.29,-3.73,1595280571,73,57.00200000000001,0.45
421,corsicana,US,1,32.1,-96.47,1595280571,47,94.99999999999994,5.1
422,eyl,SO,53,7.98,49.82,1595280571,63,79.55599999999998,10.08
423,ginir,ET,9,7.13,40.7,1595280572,89,58.04599999999999,2.92
424,iqaluit,CA,75,63.75,-68.51,1595280572,93,46.39999999999998,2.1
425,oistins,BB,40,13.07,-59.53,1595280010,62,85.99999999999994,7.7
426,brookhaven,US,47,31.58,-90.44,1595280572,69,93.99200000000002,0.45
427,rawson,AR,87,-43.3,-65.1,1595280274,81,45.067999999999984,8.65
428,williams lake,CA,40,52.14,-122.14,1595280572,46,73.39999999999992,1.5
429,santa cruz,BO,40,-17.8,-63.17,1595280334,58,85.99999999999994,6.2
430,nouadhibou,MR,0,20.93,-17.03,1595280572,69,78.80000000000001,1.5
431,apac,UG,73,1.98,32.54,1595280426,87,65.38999999999993,1.03
432,santa catarina de tepehuanes,MX,64,25.35,-105.73,1595280572,33,80.58199999999994,5.64
433,villa carlos paz,AR,90,-31.42,-64.5,1595280573,81,53.599999999999966,2.6
434,katherine,AU,10,-14.47,132.27,1595280573,41,58.99999999999994,3.6
435,mitsamiouli,KM,85,-11.38,43.28,1595280573,69,76.17199999999997,2.85
436,flin flon,CA,40,54.77,-101.86,1595280573,41,76.99999999999994,3.6
437,rongcheng,CN,100,30.63,117.85,1595280573,92,71.59999999999997,0.53
438,chimbote,PE,29,-9.09,-78.58,1595280447,76,64.12999999999994,5.21
439,bubaque,GW,100,11.28,-15.83,1595280290,83,80.52800000000008,7.02
440,tazovskiy,RU,100,67.47,78.7,1595280573,75,49.49599999999998,5.06
441,mount gambier,AU,90,-37.83,140.77,1595280416,100,44.599999999999966,3.6
442,norman wells,CA,90,65.28,-126.83,1595280509,77,62.599999999999966,3.1
443,villa maria,AR,67,-32.41,-63.24,1595280574,57,64.77800000000008,2.91
444,manokwari,ID,43,-0.87,134.08,1595280574,67,80.11399999999998,2.72
445,vila velha,BR,75,-20.33,-40.29,1595280027,83,75.99200000000002,2.1
446,grindavik,IS,75,63.84,-22.43,1595280245,71,49.99999999999994,2.1
447,port pirie,AU,98,-33.18,138.02,1595280574,100,37.39999999999998,2.6
448,tezu,IN,100,27.92,96.17,1595280574,87,74.89400000000006,1.47
449,am timan,TD,98,11.03,20.28,1595280574,88,72.49999999999994,1.67
450,pisco,PE,75,-13.7,-76.22,1595280574,82,62.995999999999924,3.6
451,argelia,CO,100,2.26,-77.25,1595280574,66,73.95799999999991,0.21
452,nortelandia,BR,38,-14.45,-56.8,1595280574,30,88.08800000000002,1.87
453,alihe,CN,0,50.57,123.72,1595280574,81,51.29599999999999,1.85
454,dali,CN,100,25.7,100.18,1595280575,88,63.571999999999946,1.48
455,leticia,CO,40,-4.22,-69.94,1595280524,79,85.99999999999994,2.1
456,presidente epitacio,BR,0,-21.76,-52.12,1595280575,42,76.29800000000006,1.1
457,stokmarknes,NO,75,68.56,14.91,1595280575,82,55.39999999999992,3.6
458,nikolayevsk-na-amure,RU,100,53.14,140.73,1595280300,86,58.81999999999999,3.27
459,bac lieu,VN,100,9.29,105.72,1595280575,79,79.93399999999991,1.31
460,ugoofaaru,MV,100,5.67,73.0,1595280053,79,82.094,9.7
461,raudeberg,NO,75,61.99,5.14,1595280575,81,53.599999999999966,5.7
462,butajira,ET,80,8.12,38.37,1595280575,80,59.071999999999946,1.65
463,yaan,NG,100,7.38,8.57,1595280575,96,73.11199999999991,2.5
464,qaqortoq,GL,1,60.72,-46.03,1595280575,60,53.79800000000006,2.02
465,kosh-agach,RU,100,50.0,88.67,1595280302,75,53.88799999999998,0.93
466,palmer,US,75,42.16,-72.33,1595280054,41,93.19999999999999,5.7
467,puerto escondido,MX,90,15.85,-97.07,1595280045,70,85.99999999999994,4.1
468,marigot,MF,20,18.07,-63.08,1595280576,66,87.80000000000001,3.6
469,urengoy,RU,100,65.97,78.37,1595280576,71,53.94199999999995,4.01
470,husavik,IS,82,66.04,-17.34,1595280576,76,49.99999999999994,3.1
471,weinan,CN,93,34.5,109.51,1595280576,83,80.00600000000003,3.0
472,chicama,PE,11,-7.84,-79.15,1595280576,62,69.26000000000005,4.44
473,amnat charoen,TH,100,15.86,104.63,1595280576,81,78.26000000000005,2.26
474,surt,LY,0,31.21,16.59,1595280576,76,77.14400000000006,5.34
475,sechura,PE,8,-5.56,-80.82,1595280576,58,72.87799999999999,6.81
476,sangar,RU,100,63.92,127.47,1595280577,68,67.80199999999996,8.95
477,douglas,US,90,41.3,-96.17,1595280393,61,80.99599999999992,2.6
478,mandera,KE,4,3.94,41.87,1595280577,42,81.66199999999998,6.86
479,fredericton,CA,75,45.95,-66.67,1595280535,48,87.80000000000001,5.7
480,okhotsk,RU,100,59.38,143.3,1595280577,87,56.74999999999994,0.85
481,mineiros,BR,0,-17.57,-52.55,1595280577,46,73.50799999999998,1.95
482,clyde river,CA,90,70.47,-68.59,1595280577,100,44.599999999999966,6.2
483,linkou,CN,0,45.3,130.28,1595280577,92,60.67399999999992,1.31
484,utevka,RU,0,52.9,50.95,1595280577,73,63.21199999999993,2.32
485,valleyview,CA,76,55.07,-117.29,1595280577,49,72.69800000000004,1.28
486,sur,OM,66,22.57,59.53,1595280577,67,86.50399999999996,7.21
487,luhyny,UA,20,51.08,28.4,1595280578,84,62.00600000000003,2.47
488,olinda,BR,40,-8.01,-34.86,1595280578,65,78.80000000000001,6.2
489,mayo,US,1,38.89,-76.51,1595280578,47,96.80000000000001,3.1
490,fortuna,US,1,40.6,-124.16,1595280578,77,64.00399999999996,6.2
491,grafton,US,1,42.21,-71.69,1595280539,46,91.99399999999997,5.7
492,ketchikan,US,90,55.34,-131.65,1595280578,100,58.99999999999994,5.1
493,flinders,AU,0,-34.58,150.86,1595280019,69,46.99400000000003,1.34
494,yerofey pavlovich,RU,7,53.97,121.97,1595280578,93,48.32600000000008,1.02
495,mokrous,RU,0,51.23,47.52,1595280579,67,64.77800000000008,2.78
496,ust-kuyga,RU,10,70.02,135.6,1595280579,56,74.73199999999991,1.29
497,harlingen,US,20,26.19,-97.7,1595280524,41,96.80000000000001,8.2
498,honningsvag,NO,90,70.98,25.97,1595280579,93,49.99999999999994,2.1
499,pemangkat,ID,89,1.17,108.97,1595280579,87,75.97399999999999,1.44
500,panaba,MX,99,21.28,-88.27,1595280048,78,83.35399999999998,3.36
501,duncan,US,40,34.5,-97.96,1595280338,39,96.99799999999999,7.2
502,bom jesus da lapa,BR,62,-13.26,-43.42,1595280387,33,85.99999999999994,4.1
503,mentakab,MY,37,3.49,102.35,1595280579,97,73.70599999999996,0.38
504,oktyabrskoye,RU,0,43.06,44.74,1595280579,78,78.00799999999998,1.0
505,kiunga,PG,90,-6.12,141.29,1595280580,98,72.28399999999993,1.0
506,umea,SE,75,63.83,20.26,1595280580,93,60.80000000000001,1.5
507,novo aripuana,BR,3,-5.12,-60.38,1595280580,44,90.66199999999998,0.89
508,pahrump,US,8,36.21,-115.98,1595280580,10,107.00600000000003,2.68
509,itanhem,BR,13,-17.17,-40.33,1595280580,90,68.41400000000004,2.35
510,storm lake,US,1,42.64,-95.21,1595280580,65,82.39999999999992,2.6
511,lavrentiya,RU,100,65.58,-171.0,1595280580,78,45.30200000000002,2.86
512,xai-xai,MZ,0,-25.05,33.64,1595280580,85,60.349999999999966,2.56
513,kalmunai,LK,100,7.42,81.82,1595280049,78,81.93199999999996,1.9
514,garden city,US,75,42.33,-83.33,1595280580,42,87.00799999999998,2.1
515,przeworsk,PL,84,50.06,22.49,1595280581,100,66.00200000000001,2.88
516,koshurnikovo,RU,75,54.17,93.3,1595280060,96,53.36599999999993,0.99
517,marsa matruh,EG,0,31.35,27.25,1595280052,78,76.99999999999994,2.1
518,xichang,CN,99,27.9,102.26,1595280290,77,64.74200000000002,0.51
519,imeni zhelyabova,RU,100,58.95,36.6,1595280581,85,61.627999999999986,1.35
520,buala,SB,40,-8.14,159.59,1595280259,83,80.34800000000001,3.78
521,peleduy,RU,100,59.63,112.74,1595280581,92,52.214,2.65
522,sabancuy,MX,35,18.97,-91.18,1595280581,60,88.358,4.06
523,cockburn town,TC,40,21.46,-71.14,1595280514,58,87.80000000000001,7.7
524,beloha,MG,0,-25.17,45.05,1595280581,75,61.73600000000005,5.83
525,ukiah,US,1,39.15,-123.21,1595280581,33,91.99399999999997,3.6
526,goulburn,AU,0,-34.75,149.72,1595280429,95,28.994000000000028,0.68
527,leh,IN,100,34.17,77.58,1595280581,44,57.164000000000044,1.84
528,yumen,CN,100,40.28,97.2,1595280581,30,75.30799999999994,8.06
529,tura,IN,100,25.52,90.22,1595280582,99,73.95799999999991,1.73
530,kyshtovka,RU,18,56.55,76.63,1595280582,92,53.04199999999997,3.48
531,jawa,JO,0,31.85,35.94,1595280582,44,80.59999999999997,1.5
532,deer lake,CA,75,49.17,-57.43,1595280582,83,75.19999999999999,2.6
533,khani,GE,97,41.96,42.96,1595280582,83,78.80000000000001,1.0
534,katsuura,JP,100,35.13,140.3,1595280018,92,75.00200000000001,3.28
535,qasigiannguit,GL,96,68.82,-51.19,1595280067,46,53.599999999999966,1.5
536,esso,RU,91,55.93,158.7,1595280582,61,52.807999999999936,3.43
537,rouvroy,FR,0,50.39,2.9,1595280582,59,60.80000000000001,2.6
538,basco,PH,1,20.45,121.97,1595280583,80,84.64999999999992,5.75
539,yulara,AU,90,-25.24,130.99,1595279998,93,48.19999999999999,3.6
540,bogovarovo,RU,92,58.98,47.02,1595280583,96,61.952000000000055,4.02
541,san quintin,MX,0,30.48,-115.95,1595280583,52,76.82,9.84
542,pringsewu,ID,0,-5.36,104.97,1595280583,92,72.48199999999991,0.39
543,honghu,CN,100,29.82,113.46,1595280583,92,74.76799999999997,1.36
544,akure,NG,100,7.25,5.19,1595280583,99,70.68199999999996,1.41
545,kumeny,RU,100,58.11,49.92,1595280583,98,60.349999999999966,1.73
